1028852	64
1098595	392
1036740	120
1025477	475
1052094	128
1005812	149
1021402	378
1024272	109
1099096	198
1006288	242
1098750	157
1026478	165
1001862	238
1032444	379
1028603	40
1028358	333
1044871	116
1013424	182
1018262	124
1006149	180
1017511	453
1018269	125
1007168	177
1008873	370
1006067	298
1014733	210
1033340	179
1034801	7
1004364	373
1029489	247
1002389	357
1020268	481
1028073	428
1004712	189
1004247	1
1011104	186
1083194	45
1041557	352
1009184	183
1029091	380
1036563	146
1009954	117
1007098	121
1021992	197
1009214	138
1004568	78
1020313	441
1003972	423
1009352	261
1027883	155
1012920	231
1031494	129
1022226	187
1012884	111
1097498	435
1011512	365
1044498	61
1040071	402
1028639	305
1030760	158
1098650	94
1004878	91
1000656	458
1025801	221
1045525	203
1021527	139
1037490	41
1098109	230
1049360	147
1019547	63
1020036	166
1097564	450
1028153	126
1028255	414
1028521	291
1025115	88
1033300	14
1008776	245
1029127	473
1021357	18
1043833	185
1026260	375
1000012	366
1008023	476
1025892	381
1023631	211
1014252	42
1018130	253
1026015	452
1009850	122
1018139	254
1018138	255
1021186	404
1003574	154
1042272	262
1027263	162
1014312	171
1021815	193
1010309	256
1026882	374
1017555	89
1008099	382
1017559	90
1045704	234
1001301	66
1032111	218
1000905	274
1064645	239
1002476	400
1011846	172
1011848	173
1007275	295
1045024	415
1009545	276
1045021	416
1098329	199
1048335	232
1041052	310
1012285	32
1021928	54
1097613	317
1003846	65
1039877	268
1024565	299
1012859	387
1020778	67
1006971	346
1014426	393
1006978	347
1041884	362
1098588	260
1041735	55
1027938	405
1098032	263
1030933	296
1010122	324
1013025	383
1018350	363
1029761	417
1047662	123
1016852	436
1017354	6
1019456	334
1028205	257
1037698	406
1047130	98
1044862	15
1019512	356
1045696	316
1033451	160
1018178	350
1029019	134
1017031	174
1029013	135
1007939	367
1021912	454
1006016	214
1021286	466
1053407	53
1017240	424
1021300	289
1022601	181
1002960	241
1031044	403
1062104	464
1004976	451
1026044	119
1000276	457
1007331	73
1005580	412
1012481	322
1008412	49
1027333	79
1023356	335
1018076	251
1020326	339
1024523	140
1001236	80
1024526	444
1016885	418
1024130	127
1035926	178
1014463	19
1007206	95
1044366	57
1026581	443
1001624	395
1023509	219
1068684	248
1046217	368
1044487	330
1097504	2
1058980	345
1097508	3
1032224	353
1005909	306
1002183	8
1037847	336
1001527	99
1010797	408
1027798	31
1030683	277
1029728	46
1018417	236
1002815	215
1098270	163
1020742	205
1022925	265
1009400	81
1097579	354
1009158	390
1027386	58
1008667	286
1037731	161
1017819	142
1042768	212
1007117	141
1013492	321
1003063	86
1002766	82
1010542	284
1053686	235
1019857	9
1013119	20
1021466	62
1025213	462
1036736	151
1029753	191
1021142	267
1016599	425
1025776	376
1032135	409
1026007	68
1003408	429
1015787	290
1006545	150
1081608	43
1040742	384
1014091	33
1098099	195
1032861	278
1024639	455
1001700	159
1026856	83
1022297	315
1008877	371
1000264	377
1023542	110
1004947	223
1020524	279
1000861	167
1044605	87
1098953	258
1005017	224
1030710	144
1053653	216
1024670	5
1048943	300
1009453	348
1005605	442
1002990	213
1017979	364
1018861	437
1006860	328
1012903	426
1097970	100
1022808	34
1030037	477
1010722	391
1002542	176
1030666	206
1003229	448
1029833	369
1026457	467
1020983	359
1006078	407
1098048	50
1000286	168
1013012	280
1026690	461
1013151	152
1098288	445
1032668	208
1002790	59
1018587	38
1004459	433
1019560	175
1017383	209
1021869	227
1014692	396
1017927	96
1025039	136
1014696	397
1003454	438
1008492	294
1038931	419
1024951	471
1008659	74
1008656	75
1010474	103
1020844	84
1019802	285
1045438	410
1028096	401
1043051	358
1012651	35
1043454	60
1007329	465
1022385	422
1006130	145
1014374	355
1040751	281
1022389	249
1003522	188
1053507	259
1003956	228
1015750	85
1052054	233
1016419	420
1012012	318
1012011	319
1004468	21
1029068	170
1004631	229
1000252	153
1000398	16
1017764	246
1001632	292
1027718	196
1026620	225
1005331	22
1007607	301
1062238	287
1008279	329
1022096	97
1019067	51
1024038	10
1021054	112
1015374	389
1002355	156
1005938	323
1001925	307
1011710	250
1020940	270
1015272	76
1002217	204
1010787	302
1018937	340
1013354	47
1097585	252
1006854	169
1021580	190
1019331	104
1008169	411
1021578	92
1002280	439
1018686	105
1028612	133
1017274	314
1007986	343
1013438	271
1024882	192
1012752	288
1013596	71
1006242	386
1017874	479
1006175	266
1025005	413
1024844	398
1015493	115
1040692	421
1004095	320
1013691	459
1000454	48
1030937	297
1019522	470
1013384	27
1004078	130
1009190	272
1025713	430
1050745	52
1025719	431
1098461	148
1098349	11
1028964	308
1015725	349
1017716	114
1014635	311
1052069	69
1040138	388
1027743	327
1002256	468
1024549	131
1098208	200
1024544	132
1054073	482
1033613	385
1014521	331
1006953	164
1019697	101
1048825	201
1054175	137
1019753	456
1015424	93
1006316	332
1010065	12
1053349	312
1020993	56
1008048	4
1005290	303
1024246	313
1051565	399
1007420	463
1012809	337
1000335	446
1078363	184
1019576	23
1012145	394
1036157	39
1018252	338
1025027	222
1003125	469
1015161	275
1007538	13
1098798	28
1007723	202
1042991	282
1013915	107
1017644	372
1003349	360
1023239	24
1022010	341
1032152	102
1043663	17
1051787	432
1009326	106
1015560	240
1030879	283
1018623	25
1028253	220
1018620	26
1001137	474
1004453	434
1005481	326
1031507	325
1001649	207
1016600	351
1024052	70
1007610	217
1024533	344
1007340	36
1013213	113
1003106	226
1006748	243
1034883	264
1052237	29
1052234	30
1009496	237
1008505	194
1013649	472
1021265	273
1097218	108
1013697	460
1023876	361
1000746	244
1002202	478
1027178	118
1024759	143
1005881	480
1030047	269
1025831	449
1098153	342
1029910	304
1006961	447
1021623	309
1023790	427
1018539	77
1097450	293
1024111	440
1025681	37
1009073	72
1028100	44
